The solution is:
x0 = 8.000000
x1 = -140.000000
x2 = -12.000000
