The solution is:
x0 = 2.000004
x1 = 3.000000
x2 = 5.000014
